12345678|100|10639170|Willie Numbers|7316 E. Harvey Dr. Wantagh NY 11793|0001|SW||1|1234|1||13|4|||0|9/1/2016|1352|1352|1325|0|1|0|25||||||0|0|0|0|0|0|0|previous remarks|938366651|WB,2594.66,0.00,2594.66,2,07/14/2016,VATable Sales||||100|12345678|tenant sample 1|0|0|10|1|1|450.8|0|(1 of 10)|(12 of 20)|(8 of 15)|789|(8 of 15)|20|(3 of 8)|500||0||0||0||0|0|0|0|180.22|200|0|2152.02|181-030-071-000|0|0||0|||SEP,AUG,JUL|61,232,201|02000000000000639441|||
12345678|101|10639171|Loyd Tardiff|823 Arrowhead Rd. Corona NY 11368|0001|W||1|1235|2||15|4|||0|9/1/2016|2365|2365|2345|0|1|0|19||||||0|0|0|0|0|0|0|previous remarks|1112|WB,2594.66,0.00,2594.66,2,07/14/2016,VATable Sales||||20|||0|0|34|1|3|450.8|0|(1 of 10)|(12 of 20)|(8 of 15)|789|(8 of 15)|20|(3 of 8)|100||0||0||0||0|0|0|0|23|200|0|2152.02|181-030-071-000|0|||0|||SEP,AUG,JUL|61,232,201|02000000000000639441|||
12345678|102|10639172|Everett Crocket|79 3rd Drive Sioux City IA 51106|0001|W||1|1236|3||13|4|||1|9/1/2016|846|846|823|0|1|0|22||||||0|0|0|0|0|0|0|previous remarks|1113|WB,2594.66,0.00,2594.66,2,07/14/2016,VATable Sales||||30|||0|0|23|2|2|2|0|(1 of 10)|(12 of 20)|(8 of 15)|789|(8 of 15)|20|(3 of 8)|230||0||0||0||0|0|0|0|222|200|0|2152.02|181-030-071-000|0|||0|||SEP,AUG,JUL|61,232,201|02000000000000639441|||
12345678|103|10639173|Frieda Potts|8571 Rocky River Dr. Amarillo TX 79106|0001|SA||1|1237|4||40|4|||0|9/1/2016|1321|1349|1318|0|1|0|31||||||0|0|0|0|0|0|0|previous remarks|1113|WB,2594.66,0.00,2594.66,2,07/14/2016,VATable Sales||||90|12345678||0|0|44|2|2|2|0|(1 of 10)|(12 of 20)|(8 of 15)|789|(8 of 15)|20|(3 of 8)|122||0||0||0||0|0|0|0|111.12|200|0|2152.02|181-030-071-000|0|||0|||SEP,AUG,JUL|61,232,201|02000000000000639441|||
12345679|104|10639174|Marcos Nakasone|242 Bay Meadows Lane Middleton WI 53562|0001|W||1|1238|5||40|5|||1|9/1/2016|99980|99980|99920|0|1|0|48||||||0|0|0|0|0|0|0|previous remarks|1114|WB,2594.66,0.00,2594.66,2,07/14/2016,VATable Sales||||12|||0|0|33|2|3|2|0|(1 of 10)|(12 of 20)|(8 of 15)|789|(8 of 15)|20|(3 of 8)|134||0||0||0||0|0|0|0|180.22|200|0|2152.02|181-030-071-000|0|||0|||SEP,AUG,JUL|61,232,201|02000000000000639441|||
12345679|105|10639175|Williams Siguenza|9383 La Sierra Street Pueblo CO 81001|0001|HW||2|1239|6||50|4|||0|9/1/2016||2985|2963|0|0|1|22||||||0|0|0|0|0|0|0|previous remarks|1115|WB,2594.66,0.00,2594.66,2,07/14/2016,VATable Sales||||34|12345678||0|0|33|2|3|354|2|(1 of 10)|(12 of 20)|(8 of 15)|789|(8 of 15)|20|(3 of 8)|500||0||0||0||0|0|0|0|180.22|200|0|2152.02|181-030-071-000|0|||0|||SEP,AUG,JUL|61,232,201|02000000000000639441|||
12345679|106|10639176|Gilbert Jenkins|335 Cooper St. Frederick MD 21701|0001|W||2|1240|7||15|4|||2|9/1/2016||772|754|0|0|1|16||||||0|0|0|0|0|0|0|previous remarks|1116|WB,2594.66,0.00,2594.66,2,07/14/2016,VATable Sales||||55|||0|0|10|2|2|2|2|(1 of 10)|(12 of 20)|(8 of 15)|789|(8 of 15)|20|(3 of 8)|500||0||0||0||0|0|0|0|180.22|200|0|2152.02|181-030-071-000|0|||0|||SEP,AUG,JUL|61,232,201|02000000000000639441|||
12345679|107|10639177|Delmar Mcintosh|226 East Rockwell St. Lockport NY 14094|0001|S||2|1241|8||25|4|||0|9/1/2016|4171|4171|4162|0|1|1|8||||26||0|0|0|0|0|0|0|previous remarks|1117|WB,2594.66,0.00,2594.66,2,07/14/2016,VATable Sales||||34|||0|0|33|33|2|4|2|(1 of 10)|(12 of 20)|(8 of 15)|789|(8 of 15)|20|(3 of 8)|400||0||0||3||0|0|0|0|180.22|200|0|2152.02|181-030-071-000|0|||0|||SEP,AUG,JUL|61,232,201|02000000000000639441|||
12345679|108|10639178|Christel Florian|161 SW. Lakeshore Lane Wenatchee WA 98801|0001|S||1|1242|9||13|4|||1|9/1/2016|7921|7921|7893|0|1|0|24||||||0|0|0|0|0|0|0|previous remarks|1118|WB,2594.66,0.00,2594.66,2,07/14/2016,VATable Sales||||100|||0|0|10|3|2|5|4|(1 of 10)|(12 of 20)|(8 of 15)|789|(8 of 15)|20|(3 of 8)|550||0||0||5||0|0|0|0|180.22|200|0|2152.02|181-030-071-000|0|||0|||SEP,AUG,JUL|61,232,201|02000000000000639441|||
12345679|109|10639179|Charley Levitan|595 53rd Ave. Saint Johns FL 32259|0001|A||1|1243|10||30|5|||1|9/1/2016|99960|99960|99925|0|1|0|35||||||0|0|0|0|0|0|0|previous remarks|1119|WB,2594.66,0.00,2594.66,2,07/14/2016,VATable Sales||||12|||0|0|22|3|22|5|3|(1 of 10)|(12 of 20)|(8 of 15)|789|(8 of 15)|20|(3 of 8)|500||0||0||4||0|0|0|0|180.22|200|0|2152.02|181-030-071-000|0|||0|||SEP,AUG,JUL|61,232,201|02000000000000639441|||
12345679|110|10639180|Robbyn Pawlowicz|"9047 Birch Hill Street Onalaska| WI 54650"|0001|A||1|1244|11||20|5|||1|9/1/2016|56305|56292|56142|0|1|1|150||||||0|0|0|0|0|0|0|previous remarks|1120|WB,2594.66,0.00,2594.66,2,07/14/2016,VATable Sales||||33|||0|0|22|3|2|33|543|(1 of 10)|(12 of 20)|(8 of 15)|789|(8 of 15)|20|(3 of 8)|500||0||0||2||0|0|0|0|180.22|200|0|2152.02|181-030-071-000|0|||0|||SEP,AUG,JUL|61,232,201|02000000000000639441|||
12345679|111|10639181|Denny Alvares|567 Bridgeton St. Dubuque IA 52001|0001|HW||1|1245|12||15|6|||2|9/1/2016|553858|553858|5536658|0|1|0|245||||||0|0|0|0|0|0|0|previous remarks|1121|WB,2594.66,0.00,2594.66,2,07/14/2016,VATable Sales||||44|12345678||0|0|22|46|2|3|34|(1 of 10)|(12 of 20)|(8 of 15)|789|(8 of 15)|20|(3 of 8)|444||0||0||1||0|0|0|0|180.22|200|0|2152.02|181-030-071-000|0|||0|||SEP,AUG,JUL|61,232,201|02000000000000639441|||
12345670|112|10639182|Kenyetta Desai|"9699 Colonial Dr. Lagrange| GA 30240"|0001|HA||1|1246|13||25|5|||0|9/1/2016|11563|11563|11563|0|1|0|18|||||14|0|0|0|0|0|0|0|previous remarks|1122|WB,2594.66,0.00,2594.66,2,07/14/2016,VATable Sales||||90|12345678||0|45|10|5|343|3|3|(1 of 10)|(12 of 20)|(8 of 15)|789|(8 of 15)|20|(3 of 8)|333||0||0||1||0|0|0|0|180.22|200|0|2152.02|181-030-071-000|0|||0|||SEP,AUG,JUL|61,232,201|02000000000000639441|||
12345670|113|10639183|Dustin Ryles|8971 Applegate Street  Lindenhurst NY 11757|0001|HA||1|1247|14||50|4|||0|9/1/2016|9786|9786|9532|0|1|0|221||||||0|0|0|0|0|0|0|previous remarks|1123|WB,2594.66,0.00,2594.66,2,07/14/2016,VATable Sales||||10|12345678||0|0|55|3|111|1|3|(1 of 10)|(12 of 20)|(8 of 15)|789|(8 of 15)|20|(3 of 8)|222||0||0||1||0|0|0|0|180.22|200|0|2152.02|181-030-071-000|0|||0|||SEP,AUG,JUL|61,232,201|02000000000000639441|||
12345671|114|10639199|Milagro Walraven|93 Princeton Street Norwood MA 02062|0001|A||1|1248|15||13|4||B|2|9/1/2016||2136|2136||||30||||||0|0|0|0|0|0|0||1124|WB,2594.66,0.00,2594.66,2,07/14/2016,VATable Sales|||||||0|0||||450.8||(1 of 10)|(12 of 20)|(8 of 15)|789|(8 of 15)|20|(3 of 8)|222||0||0||0||0|0|0|0|180.22|200|0|2152.02|181-030-071-000|0|||0|||SEP,AUG,JUL|61,232,201|02000000000000639441|||
12345671|115|10639200|Guillermina Shugart|88 Laurel St. Pompano Beach FL 33060|0001|W||1|1249|16||20|5||B|2|9/1/2016|18685|18685|18663||||25||||||0|0|0|0|0|0|0||1125|WB,2594.66,0.00,2594.66,2,07/14/2016,VATable Sales|||||||0|0||||450.8||(1 of 10)|(12 of 20)|(8 of 15)|789|(8 of 15)|20|(3 of 8)|444||0||0||0||0|0|0|0|180.22|200|0|2152.02|181-030-071-000|0|||0|||SEP,AUG,JUL|61,232,201|02000000000000639441|||
12345671|116|10639201|Maia Keyes|62 Glenwood Avenue Jackson NJ 08527|0001|SA||1|1250|17||20|4||P|2|9/1/2016|5587|5587|5587||||29||||||0|0|0|0|0|0|0||1126|WB,2594.66,0.00,2594.66,2,07/14/2016,VATable Sales|||||||0|0||||450.8||(1 of 10)|(12 of 20)|(8 of 15)|789|(8 of 15)|20|(3 of 8)|333||0||0||0||0|0|0|0|180.22|200|0|2152.02|181-030-071-000|0|||0|||SEP,AUG,JUL|61,232,201|02000000000000639441|||
12345671|117|10639202|Lisabeth Keithley|567 Nichols St. Moorhead MN 56560|0001|SA||1|1251|18||30|5||P|2|9/1/2016|9856|9856|-28||||28|||||29|0|0|0|0|0|0|0||1127|WB,2594.66,0.00,2594.66,2,07/14/2016,VATable Sales|||||||0|0||||450.8||(1 of 10)|(12 of 20)|(8 of 15)|789|(8 of 15)|20|(3 of 8)|600||0||0||0||0|0|0|0|180.22|200|0|2152.02|181-030-071-000|0|||0|||SEP,AUG,JUL|61,232,201|02000000000000639441|||
12345671|118|10639203|Karl Oppenheim|280 Oak Meadow Ave. Schererville IN 46375|0001|W||1|1252|19||20|4||B|2|9/1/2016|1588|1588|1588||||21|||||29|0|0|0|0|0|0|0||1128|WB,2594.66,0.00,2594.66,2,07/14/2016,VATable Sales|||||||0|0||||450.8||(1 of 10)|(12 of 20)|(8 of 15)|789|(8 of 15)|20|(3 of 8)|700||0||0||0||0|0|0|0|180.22|200|0|2152.02|181-030-071-000|0|||0|||SEP,AUG,JUL|61,232,201|02000000000000639441|||
